channels:
  - conda-forge
  - defaults
dependencies:
  - bzip2=1.0.8=hcfcfb64_5
  - ca-certificates=2024.6.2=h56e8100_0
  - libffi=3.4.2=h8ffe710_5
  - libsqlite=3.45.3=hcfcfb64_0
  - libzlib=1.3.1=h2466b09_1
  - openssl=3.3.0=h2466b09_3
  - pip=24.0=pyhd8ed1ab_0
  - python=3.9.19=h4de0772_0_cpython
  - setuptools=65.6.3=pyhd8ed1ab_0
  - sqlite=3.45.3=hcfcfb64_0
  - tk=8.6.13=h5226925_1
  - tzdata=2024a=h0c530f3_0
  - ucrt=10.0.22621.0=h57928b3_0
  - vc=14.3=ha32ba9b_20
  - vc14_runtime=14.38.33135=h835141b_20
  - vs2015_runtime=14.38.33135=h22015db_20
  - wheel=0.43.0=pyhd8ed1ab_1
  - xz=5.2.6=h8d14728_0
